0 0.039190 0.405093 0.078380 0.060160
1 0.698490 0.371493 0.096020 0.154880
0 0.607230 0.403267 0.022820 0.026320
0 0.632230 0.404640 0.019340 0.024160
0 0.054000 0.569213 0.108000 0.195973
0 0.131940 0.400493 0.106040 0.075013
0 0.227110 0.402707 0.085900 0.072880
0 0.328560 0.395573 0.081200 0.071733
0 0.395660 0.402373 0.058600 0.064000
0 0.429750 0.408240 0.013620 0.046400
0 0.445250 0.406107 0.029820 0.037333
0 0.514040 0.399120 0.010200 0.012267
0 0.525470 0.399120 0.011180 0.012267
0 0.570970 0.399707 0.027260 0.016747
