3 0.161900 0.853200 0.132560 0.248640
3 0.531510 0.573600 0.122980 0.212213
3 0.292060 0.547907 0.110080 0.192933
3 0.271930 0.279067 0.053900 0.111413
2 0.137370 0.079360 0.020860 0.088107
3 0.214630 0.209533 0.054140 0.054320
0 0.845500 0.867267 0.307040 0.265467
0 0.873780 0.603187 0.252440 0.282907
0 0.933860 0.416507 0.132280 0.107413
0 0.910590 0.380187 0.178820 0.179893
0 0.880490 0.291387 0.173900 0.205227
0 0.861920 0.221827 0.152080 0.155707
0 0.976060 0.125147 0.047880 0.160427
0 0.951820 0.055907 0.096080 0.111813
0 0.823900 0.098760 0.135000 0.195920
0 0.602600 0.325280 0.181280 0.200747
0 0.594640 0.223347 0.171120 0.117840
0 0.586620 0.166413 0.145840 0.118107
0 0.600300 0.091413 0.099800 0.135947
0 0.620030 0.067293 0.120340 0.124827
0 0.325790 0.399213 0.203860 0.217307
0 0.386300 0.285467 0.171160 0.232587
0 0.350320 0.194613 0.123200 0.136640
0 0.146990 0.305813 0.198420 0.193333
0 0.041790 0.396667 0.082860 0.177333
