0 0.372450 0.763813 0.409380 0.178133
0 0.965860 0.552560 0.068280 0.086773
0 0.945730 0.528013 0.108540 0.076507
0 0.913620 0.517733 0.172760 0.094773
0 0.826810 0.507453 0.127620 0.090213
0 0.812070 0.501733 0.178660 0.092533
0 0.388690 0.692293 0.392860 0.145813
0 0.424820 0.625187 0.197040 0.090747
0 0.326360 0.643827 0.373600 0.154480
0 0.262410 0.614960 0.256780 0.119573
0 0.359840 0.550853 0.242200 0.094720
0 0.442660 0.561587 0.148040 0.092027
0 0.433550 0.531720 0.161100 0.083813
0 0.468900 0.541440 0.186920 0.112213
