0 0.037420 0.699640 0.074440 0.048133
0 0.482600 0.698813 0.130120 0.073307
0 0.413660 0.702267 0.076280 0.054880
0 0.538440 0.708800 0.134720 0.064853
0 0.590550 0.685960 0.078860 0.045307
0 0.636470 0.699933 0.062460 0.045733
0 0.681660 0.713213 0.139040 0.073680
0 0.756030 0.688107 0.065540 0.022720
0 0.909620 0.680773 0.057680 0.037920
0 0.981450 0.696587 0.036700 0.048533
0 0.871640 0.687093 0.076120 0.031947
0 0.047330 0.715080 0.094660 0.075653
0 0.113240 0.726040 0.164520 0.105147
0 0.223510 0.734547 0.263020 0.124560
